N: 16
k: 2

X: 
[[-0.39223566  0.32080802]
 [-1.11338596 -0.54112437]
 [-1.4361581  -0.27825852]
 [-0.91918539 -1.66709267]
 [-1.66869969 -0.19755488]
 [ 0.36949189  1.09256416]
 [-1.03431091 -0.73413866]
 [ 1.05999658  1.40373561]
 [ 2.64347239  1.54103528]
 [-0.3662606   0.56698652]
 [-0.81624714 -0.92297271]
 [ 1.52090365  1.0452213 ]
 [ 1.29160871  1.59435906]
 [ 1.28500977  0.45515092]
 [ 0.14031539 -0.08950157]
 [-1.21208417 -1.35466679]]
Target: [0 0 0 0 0 1 0 1 1 1 0 1 1 1 1 0]

X: 
[[-1.05584321 -1.467583  ]
 [ 1.21326886 -0.69860279]
 [-4.18853954 -1.40245853]
 [ 0.04771509 -0.29044895]
 [ 1.57075688 -2.53117957]
 [-0.07100701 -1.70224605]
 [ 1.16518179  1.51535685]
 [ 0.34420706  0.77309856]
 [-2.81941051 -0.60947281]
 [ 1.1839569  -1.10419656]
 [ 0.89040246 -0.36291663]
 [ 0.805448   -2.11577654]
 [ 0.97010467 -0.28453765]
 [ 0.63497797 -2.04266611]
 [ 1.09401036 -1.80748737]
 [ 0.90103697 -0.53356056]]
Target: [0 1 0 0 1 0 1 1 0 0 1 0 1 0 1 1]

X: 
[[ 0.60519411  1.07192243]
 [ 1.7345581   0.93570891]
 [ 2.45571973 -2.27308364]
 [ 0.32927041  0.42650112]
 [ 1.60987496 -1.65989123]
 [-0.3324614   0.24643236]
 [ 0.95774816 -1.24000677]
 [ 0.14265696  2.16954608]
 [ 0.74012119  0.74713675]
 [ 0.58061054 -1.00918486]
 [ 1.6162755  -1.59931284]
 [ 1.61364114 -1.44966294]
 [ 0.7850399   0.81616525]
 [ 1.52544675 -1.67009141]
 [ 1.07469644  0.09055674]
 [ 1.01372067  0.87414678]]
Target: [1 1 0 1 0 0 0 1 1 0 0 0 1 0 1 1]

N: 24
k: 2

X: 
[[ 1.25484842  1.54643515]
 [ 0.88493053  0.58961592]
 [-2.95120966  0.99243965]
 [-0.02822096  1.41324099]
 [ 1.09376286  0.93913391]
 [ 1.17788629  0.98228895]
 [ 0.96983175  0.97306787]
 [ 1.18955673  1.82667572]
 [ 1.02494136  1.08759499]
 [-1.13484256  2.94386167]
 [-1.62637764  1.74513704]
 [ 0.73362862  0.35587461]
 [ 0.67892382  0.79690067]
 [-1.42088103  1.43790497]
 [-0.3597012  -0.08391261]
 [-2.84164469  3.10414961]
 [-2.24332871  1.14066846]
 [ 0.69067775 -0.03302156]
 [-2.71812957  2.87229029]
 [-0.79872008 -0.79388441]
 [ 0.82741476  1.60044117]
 [-1.27919782  1.131989  ]
 [ 1.02057044  0.13148062]
 [ 1.18299281  1.01229842]]
Target: [1 1 0 0 1 1 1 1 1 0 0 1 1 0 0 0 0 0 0 0 1 0 1 1]

X: 
[[-1.10823523  1.06657133]
 [-1.65820092  1.23881942]
 [ 0.61675663  0.76819924]
 [-0.53944995 -1.12257523]
 [-1.54589023 -0.47457583]
 [-1.66766166  0.93323335]
 [-1.22062472 -1.36289737]
 [-0.15048611  0.65811428]
 [-2.12132005  1.24044911]
 [-0.71594045 -1.0920664 ]
 [-2.06997305 -0.11412797]
 [-1.30322443  0.88102113]
 [ 1.40354121  0.87036609]
 [ 0.73589284  0.68270594]
 [-1.58933082 -0.08394059]
 [-0.80128592 -0.21649673]
 [ 0.36577449 -1.84772058]
 [ 1.6270317   0.56124628]
 [-1.95074987  0.43284396]
 [-1.58698497  0.22989462]
 [-1.91059173  0.04747797]
 [-1.10646897 -0.99474634]
 [-2.04282259  1.45613741]
 [-1.56350131  0.93865625]]
Target: [1 1 1 0 0 1 0 1 1 0 0 1 1 1 0 0 0 1 0 0 0 0 1 1]

X: 
[[-1.14116858 -1.8864064 ]
 [-0.70634622  0.36882664]
 [ 1.08804364 -1.24133959]
 [-0.04893552 -1.51349745]
 [-1.35255978 -0.615959  ]
 [ 1.83758971 -0.05888935]
 [ 1.26853142 -0.95782317]
 [-0.78081684 -0.40587717]
 [-0.80306691 -0.18239786]
 [-1.46020018 -1.44124129]
 [-1.79129809  0.07701679]
 [ 2.72080224 -0.65403009]
 [ 1.04544086 -0.80230698]
 [ 0.86725698 -1.5937446 ]
 [-0.94801271 -4.27280884]
 [-2.10602137  0.13076931]
 [ 0.20027741 -2.76316047]
 [-2.61603545 -0.29620352]
 [ 1.39814765 -1.59827601]
 [ 1.75553082 -0.61274118]
 [ 2.4698743  -1.56051348]
 [ 0.93069979 -0.03774986]
 [-0.04495627 -3.15750908]
 [ 0.81517253 -1.93886095]]
Target: [1 1 0 1 0 0 0 1 1 1 1 0 0 0 1 1 1 1 0 0 0 0 1 0]

N: 32
k: 2

X: 
[[-3.60110714e-01 -3.87379280e-01]
 [-5.89429826e-02 -4.46136948e-01]
 [ 3.17211182e-03 -3.92909659e-01]
 [-9.19185612e-01  6.73181981e-02]
 [ 9.37788217e-01  7.36373135e-01]
 [-1.96694610e-01 -1.10509192e-01]
 [ 4.33502733e-01 -8.06241719e-01]
 [-5.88371830e-02  3.42040541e-02]
 [ 1.74832150e+00 -1.43481909e+00]
 [-6.06688749e-01  1.82559324e+00]
 [ 1.99489918e-01  1.77217489e+00]
 [ 1.75884758e+00  1.03105673e+00]
 [ 2.05546450e+00  8.49051004e-01]
 [ 1.80237797e+00 -1.29858183e+00]
 [ 4.12213337e-01 -9.68880166e-01]
 [ 1.62070293e+00 -1.54931261e+00]
 [ 2.77533076e+00 -2.16226845e-01]
 [ 2.44481540e+00  8.06001841e-01]
 [ 1.49630431e+00  1.10242131e+00]
 [-1.06103929e+00  1.23749722e-01]
 [ 5.01310719e-03  2.05437364e+00]
 [ 6.45517642e-01  1.01111404e+00]
 [ 3.37002481e+00 -2.52786284e+00]
 [ 7.17544791e-01  9.86899180e-01]
 [ 3.08125938e+00 -2.37442364e+00]
 [ 1.09524218e+00  6.74440773e-01]
 [ 1.97406954e+00 -1.33586547e+00]
 [ 6.67883689e-01  1.31575927e+00]
 [ 1.92928559e-01  1.74601847e+00]
 [ 1.28175547e+00  4.39460841e-01]
 [-9.07046039e-01  2.88019826e-01]
 [ 8.44873698e-01  8.22404472e-01]]
Target: [0 0 0 0 1 0 0 0 0 1 1 1 1 0 0 0 1 1 1 0 1 1 0 1 0 1 0 1 1 1 0 1]

X: 
[[ 1.12494    -1.25786094]
 [ 0.18731811 -2.06033194]
 [-1.59188087 -0.47223399]
 [-1.12526612 -0.88755074]
 [-1.70680129 -0.37570002]
 [-2.64418015  0.46145541]
 [ 1.28880516 -1.88756906]
 [ 0.85985176 -0.73203633]
 [-0.35381069 -1.57037855]
 [ 0.58630927 -2.41314575]
 [ 1.12610911 -1.5896783 ]
 [ 1.03758437 -1.25374623]
 [-0.26401207 -1.65313779]
 [-0.94771628 -1.04950577]
 [ 1.02924732 -1.07381964]
 [-2.22977378  0.0911211 ]
 [ 1.13796007 -1.45013789]
 [-0.91759558 -1.07712025]
 [ 1.08184088 -1.28025119]
 [ 1.17910192 -1.19311643]
 [ 0.97619004 -1.11650117]
 [-0.24595244 -1.667511  ]
 [-1.00938379 -0.99218002]
 [ 0.97993048 -1.0680011 ]
 [ 0.92484854 -0.73513066]
 [ 1.21337996 -1.47755969]
 [-2.2275639   0.08733286]
 [-0.50578371 -1.43606318]
 [-0.187637   -1.72210633]
 [ 1.06623387 -1.20619053]
 [ 1.30801908 -1.70794156]
 [ 0.79738844 -0.59881433]]
Target: [1 0 0 0 0 0 1 1 0 0 1 1 0 0 1 0 1 0 1 1 1 0 0 1 1 1 0 0 0 1 1 1]

X: 
[[ 2.12293824  2.81295907]
 [-1.21100757  0.79670488]
 [-1.67010168 -0.22774957]
 [-0.01958431 -0.67928653]
 [-0.48930221  1.35583162]
 [-0.23130033  0.49252263]
 [ 0.84278038  1.53761572]
 [ 0.44454639  0.96748772]
 [-1.32070743  1.46195587]
 [ 0.09214937  1.68925788]
 [ 0.81059889  1.31581657]
 [ 0.92729332  1.51822618]
 [-0.16469206  2.79766408]
 [ 1.04731458 -0.40202127]
 [ 0.63277763  0.71478924]
 [ 1.92211163  1.07126077]
 [ 1.46745055  2.3788942 ]
 [-1.32736315 -0.95819188]
 [ 1.82684991  2.14095774]
 [-0.04228376 -0.33771195]
 [-2.392264   -0.17779447]
 [-1.89768602  1.71709607]
 [ 0.18186452  0.96532851]
 [ 0.80928104  0.21271243]
 [ 1.60451259  2.16359458]
 [-0.80672311  0.93771389]
 [-1.63005328  0.97253658]
 [ 0.52359297  1.46018937]
 [-2.35618135  1.1378794 ]
 [ 0.48303784 -0.31205905]
 [-1.5673449  -0.60165859]
 [-0.45955606 -0.46725106]]
Target: [1 0 0 1 1 1 1 0 0 1 1 0 0 1 1 1 1 0 1 1 0 0 1 1 1 0 0 0 0 0 0 0]N: 16
k: 2

X: 
[[ 1.37688367 -1.04004187]
 [ 2.10836428 -1.23292523]
 [-1.24059896 -1.01363017]
 [ 0.89799747 -1.02021389]
 [-0.00282643 -1.40930543]
 [-0.29712185 -0.95620397]
 [ 0.27255903 -1.03847947]
 [-0.04366489 -0.96976092]
 [ 1.19513609 -0.96296214]
 [ 0.24748138  0.35197527]
 [ 1.6982855  -1.08806277]
 [-1.08008719 -0.487197  ]
 [-0.19588642 -1.22295259]
 [-1.55482074  0.49147765]
 [-1.09293786 -1.12496289]
 [ 0.01534742 -1.22809781]]
Target: [0 0 1 0 0 1 0 1 0 1 0 1 1 1 1 0]

X: 
[[-1.75846338 -1.13526245]
 [-3.13507198 -0.38217976]
 [-1.12790002  0.68248356]
 [-1.66734997 -2.0910901 ]
 [-0.95608339  0.43042025]
 [-1.02801778 -1.22097659]
 [-0.55806405 -0.25168789]
 [-1.53117271  1.20859278]
 [-0.24873336 -0.67425275]
 [-2.04287304 -0.10100355]
 [ 0.84009732  2.2342774 ]
 [-0.9702475   0.17883196]
 [-0.14775175 -0.33912458]
 [-0.04164433  2.42831161]
 [-4.37245714 -3.62545986]
 [-1.36578229 -2.12644178]]
Target: [0 1 1 0 1 0 0 1 0 1 1 1 0 1 0 0]

X: 
[[-1.80523535  1.34703852]
 [-1.17454187 -1.10757429]
 [-1.35872324  1.06383417]
 [-1.12857122  0.69255021]
 [-1.93153222 -0.78425939]
 [-1.7393034  -0.85380183]
 [ 0.52590552  0.99295294]
 [-1.47232138 -0.93887278]
 [-0.8097081  -1.39604325]
 [ 1.05872884  0.83518205]
 [-2.98408256  0.9795348 ]
 [-1.81812183  1.03213532]
 [-0.55734032  1.00856479]
 [-1.50851708 -1.1459103 ]
 [-1.27447482 -1.46650942]
 [ 1.11477863 -0.85087878]]
Target: [1 0 1 1 0 0 1 0 0 1 1 1 1 0 0 0]

N: 24
k: 2

X: 
[[ 0.39272843 -1.32686065]
 [-1.57838484  1.80614435]
 [-1.1446622   1.31099098]
 [ 1.82652811 -1.05153224]
 [-0.4759875   0.69920444]
 [ 0.43217466 -0.95462908]
 [-1.24612108  0.61848328]
 [ 0.93727396 -0.53664831]
 [-0.13176016  0.20344702]
 [-1.48670837  0.31267953]
 [ 0.55925766 -0.59999437]
 [ 1.97597133 -1.69387742]
 [ 0.50661239 -0.31288231]
 [ 2.63482353 -1.60666837]
 [-0.84874589  0.2673124 ]
 [-0.54524839  0.41095594]
 [-0.00520031 -0.9225515 ]
 [-0.07033726 -0.49823329]
 [-0.34283013  0.54135656]
 [-1.67360383  2.3144919 ]
 [ 2.03873878 -0.75590315]
 [ 1.31201723 -0.91210931]
 [ 3.05359831 -1.6688164 ]
 [ 0.34593974 -1.15590836]]
Target: [0 1 1 0 1 0 1 1 1 1 0 0 0 0 1 1 0 0 1 1 0 0 0 1]

X: 
[[-3.45973921  1.03103251]
 [ 3.12540531 -1.62940861]
 [ 1.08081564 -1.01955692]
 [ 1.46578148 -1.35933497]
 [ 0.13543842 -0.75286348]
 [-1.73160575 -0.88079434]
 [-0.00431723 -0.62793653]
 [-1.83511211 -0.37683935]
 [-0.42379468 -0.91243714]
 [-1.63417971 -1.56087561]
 [-0.82579482 -1.11269604]
 [-2.10388065 -0.7500093 ]
 [ 0.12585274 -1.46544686]
 [-0.91874659 -1.21822219]
 [-0.7993522  -1.53602753]
 [-1.60995759 -0.62180495]
 [-0.7123267  -0.19240164]
 [ 0.69976055 -1.03227505]
 [ 1.83647952 -1.27967623]
 [ 0.57902498 -0.67091817]
 [-1.36195747 -0.86801961]
 [-0.15439121 -0.91324295]
 [ 0.8993718  -0.7586731 ]
 [ 0.13879543 -0.98583855]]
Target: [1 0 0 0 0 1 0 1 1 1 1 1 1 1 1 0 0 0 0 0 1 0 0 0]

X: 
[[-0.36885869  0.47724819]
 [-0.72829079  0.85895632]
 [ 0.57776334 -0.33610253]
 [-1.36414456 -2.41059145]
 [-1.18330582 -1.27719949]
 [-0.60378499  0.64772142]
 [-0.9455335   0.18258871]
 [-0.74966576  0.44765889]
 [-1.28371557 -2.92107503]
 [-1.46124927  1.36207395]
 [-1.61848834  1.4189907 ]
 [-1.56004907  1.34144401]
 [-0.73337333 -0.13640338]
 [-1.44197284 -2.84036035]
 [-0.8888967   0.97414784]
 [-1.30523771  1.38884081]
 [ 0.32900661 -0.3477825 ]
 [-0.97448532  1.11118002]
 [-0.83468565  0.50218785]
 [-1.06873418 -1.71546082]
 [-0.40585073  0.49101694]
 [-1.07274554 -1.00430202]
 [-1.40840159 -2.73577524]
 [-1.05159698  0.89694117]]
Target: [0 1 0 1 1 0 1 1 1 0 0 0 1 1 0 0 0 0 1 1 0 1 1 0]

N: 32
k: 2

X: 
[[-9.01945332e-01 -1.16955001e+00]
 [ 2.19733152e+00  1.39169042e-01]
 [-1.18501586e+00  1.58147214e+00]
 [ 2.57023985e+00 -4.30735220e-01]
 [ 6.74543276e-01  1.49136931e+00]
 [ 1.60494222e+00  7.83232992e-01]
 [-2.32181348e-01 -1.54245661e+00]
 [ 1.49978569e+00 -8.90307441e-01]
 [ 2.05261954e+00  8.26810322e-01]
 [ 3.33810448e+00 -1.72340759e-01]
 [ 1.86923654e+00 -2.94907297e-01]
 [-8.24266411e-01 -1.74977625e+00]
 [ 1.31068650e+00  1.39567611e+00]
 [ 1.97205516e+00 -4.22615566e-01]
 [ 9.30643485e-01  8.83339299e-01]
 [-1.54157401e+00 -1.41767153e+00]
 [ 2.10700755e+00  7.20835461e-01]
 [ 1.89215065e+00 -5.69031090e-01]
 [ 3.27250488e-01  2.09832348e+00]
 [-7.15644194e-01 -1.59124535e+00]
 [ 3.60322918e+00 -6.16117026e-01]
 [ 1.57338411e+00 -3.86829426e-01]
 [-2.72697052e-03  1.49154522e+00]
 [-1.04938044e-01  1.41114207e+00]
 [ 2.42252801e+00 -9.47206590e-01]
 [ 1.11657776e+00  1.58851172e+00]
 [ 1.35973890e-01  1.72271012e+00]
 [-4.52746135e-01 -1.19498122e+00]
 [-9.55530830e-01 -2.00117135e+00]
 [ 2.07771697e+00  1.16956951e+00]
 [ 1.64322304e+00  1.14713924e+00]
 [-4.83096209e-01  8.89601687e-01]]
Target: [1 0 0 1 0 0 1 1 0 1 1 1 0 1 0 1 0 1 0 1 1 1 0 0 1 0 0 1 1 0 0 0]

X: 
[[ 1.11181881  0.61358643]
 [ 1.09889173  0.42790701]
 [-0.05746988 -2.5046199 ]
 [ 1.27487071  0.71236759]
 [ 0.36025555 -0.78227308]
 [ 1.71312852 -0.81815469]
 [ 2.62047187 -0.70474359]
 [ 1.51531106 -0.9731156 ]
 [ 0.95183861 -0.88844651]
 [ 0.99877599  0.92712505]
 [ 1.0976158   1.01409656]
 [ 1.4385587   0.8452929 ]
 [ 1.69880737 -0.6028801 ]
 [ 1.27871712  0.98546204]
 [ 1.35463717  0.7284279 ]
 [ 1.0726439   0.87871667]
 [ 0.35944839 -1.90326636]
 [ 1.62707147  0.00355754]
 [ 0.82962135  1.31076358]
 [ 0.69462545 -0.35227682]
 [ 0.97114904  1.18548454]
 [ 1.56457886 -0.26661725]
 [ 1.7335291  -1.31756482]
 [ 1.38572858  0.76130498]
 [ 1.52338709  0.45154711]
 [ 1.21503731  0.82803617]
 [ 1.43315131 -0.98752672]
 [ 1.75526332 -0.52084438]
 [ 1.24574263 -1.29167523]
 [ 1.11291261  1.12784192]
 [ 0.54533494 -1.46647182]
 [ 1.0194266   1.03532877]]
Target: [0 0 1 0 1 1 1 1 1 0 0 0 1 0 0 0 1 1 0 1 0 1 1 0 0 0 1 1 1 0 1 0]

X: 
[[-1.02460365  0.7922653 ]
 [ 2.18013221  0.37265262]
 [ 2.83619957 -0.04530486]
 [-0.93783951  1.35859445]
 [ 0.25607825  1.37288174]
 [ 1.93427275  0.59559824]
 [-0.63141763  1.17642426]
 [ 2.62240074  0.02375948]
 [ 0.1839364   1.71677985]
 [ 2.49768627  0.07741208]
 [-0.8831957   2.37892634]
 [-0.86776692 -0.09779118]
 [ 0.50099776  1.29630803]
 [ 0.552211    1.36174835]
 [-1.24831287 -0.09331837]
 [ 1.33156421  0.73115926]
 [-1.006842   -0.61980317]
 [ 1.80458858  0.4921208 ]
 [-1.34692874  0.68287822]
 [-1.15124462  1.39228383]
 [-1.19163492 -0.42051456]
 [-0.70025185  1.06275109]
 [-1.10903505  0.83061625]
 [ 0.03651735  1.62855171]
 [-0.96599986  1.34642944]
 [-1.42489854  0.55399192]
 [ 2.25959297  0.287727  ]
 [-0.20542559  1.70358004]
 [-1.22677504  0.46122454]
 [ 1.14114922  1.12568696]
 [-1.14157151  1.48249808]
 [ 0.93270647  1.0277378 ]]
Target: [0 1 1 0 1 1 0 1 1 1 0 0 1 1 0 1 0 1 0 0 0 0 0 1 0 0 1 1 0 1 0 1]