N: 16
k: 2
Data:
[[ 0.98647341 -0.69424037]
 [-1.81037089 -0.07006994]
 [-1.39988103 -0.54543328]
 [-1.72536724 -0.18015896]
 [-2.71458889  0.70283105]
 [ 0.42551332  1.65824737]
 [-0.03794803 -2.00210162]
 [ 1.36220291 -1.52000322]
 [ 0.64109767 -1.05856449]
 [-1.40937675 -0.60266007]
 [ 0.70083639 -0.50904388]
 [-1.39560302 -0.61964923]
 [-0.33901998 -1.64852629]
 [ 1.42993848 -1.29108454]
 [ 0.85048844 -0.15900201]
 [ 0.62354607 -0.66048617]]
Target: [0 1 1 1 1 0 1 0 0 1 0 1 1 0 0 0]

N: 24
k: 2
Data:
[[-0.54820956 -0.85387913]
 [-0.29272334  0.22906923]
 [-1.07618003 -1.0229053 ]
 [-1.14491914 -1.13229213]
 [ 0.81301364 -0.69907814]
 [ 0.93972261 -0.89546434]
 [-1.44565147 -0.4144289 ]
 [-0.38532594 -1.7681861 ]
 [ 0.4855621  -1.98558317]
 [-2.84777314 -1.23841571]
 [-0.67701095 -0.71466501]
 [ 0.74401757  0.62916784]
 [-1.71144089 -1.23022911]
 [ 1.37557045 -0.40573632]
 [ 1.17255367 -0.00410844]
 [ 2.08314732  0.35905685]
 [-1.30116647 -1.14209515]
 [ 1.56767229 -3.60740806]
 [ 0.61427057 -1.37862328]
 [-2.40528778 -1.09970098]
 [ 1.20783021  0.75728858]
 [ 1.42204667 -0.61389901]
 [ 1.79174808 -0.20932052]
 [-0.4822035  -1.45092842]]
Target: [0 0 0 0 1 1 0 0 0 0 1 1 0 1 1 1 0 1 1 0 1 1 1 0]

N: 32
k: 2
Data:
[[-1.02025624  1.2042545 ]
 [ 0.87831959  1.22576437]
 [ 0.91763011  1.3663767 ]
 [-0.04714768  0.18723565]
 [-1.29903846  0.82703694]
 [-1.56924482  1.20710557]
 [-2.57940179  1.25675991]
 [ 0.36100158  1.8061821 ]
 [-3.4199462   1.09400845]
 [ 1.6095258  -0.0317915 ]
 [ 1.47644937  0.7288611 ]
 [-0.50084889  3.05783722]
 [ 1.02210051  0.60960475]
 [ 1.321291    0.86952388]
 [ 1.41487864  0.57767013]
 [ 1.36979731  0.36289809]
 [-0.68728795  0.19029742]
 [ 1.67839245  0.12542381]
 [ 1.01706668  0.38213797]
 [-1.34504753  0.42654563]
 [ 0.97552655  1.07439077]
 [ 1.25423735  0.37631589]
 [ 1.49802259  0.10840347]
 [-1.75579827  0.82487034]
 [-1.91185226  1.68677881]
 [-2.93381174  1.11954258]
 [-0.76020663  1.16595133]
 [-0.07943316  0.75867731]
 [ 0.42039464  1.84016332]
 [ 0.74349572  1.474012  ]
 [-1.64933598  0.48448827]
 [ 0.56942127  0.01908246]]
Target: [1 0 0 1 1 1 1 0 1 0 0 0 0 0 0 0 1 0 1 1 0 0 0 1 1 1 1 1 0 0 1 1]

N: 12
k: 3
Data:
[[ 1.3183146  -0.62421864]
 [-0.580698    0.40939326]
 [ 2.0243896  -0.35960753]
 [ 0.67373468 -0.88006217]
 [-1.35955017 -0.20272527]
 [-1.82029746  1.72464706]
 [-1.60585038 -2.3197157 ]
 [-2.52547986 -1.31575572]
 [-0.40593424  1.18284187]
 [-2.39396486  0.75955593]
 [ 2.69868891 -0.30092046]
 [-1.27111388  1.35488372]]
Target: [2 1 2 2 0 1 0 0 1 0 2 1]

N: 15
k: 3
Data:
[[ 1.5911066  -0.49988005]
 [ 0.6402598  -0.01040385]
 [ 1.06902633 -0.88489862]
 [ 0.40049833 -1.66566712]
 [-0.93991527  1.03513755]
 [ 1.34697079 -0.57441402]
 [ 0.97371807  1.42664896]
 [ 2.1083196  -0.79075116]
 [ 1.00310432  0.71843095]
 [-1.91419123  0.89406791]
 [-1.40159792  0.54993295]
 [ 1.13477873  0.80496424]
 [-1.52903101  1.38327529]
 [ 0.87179578  1.63579831]
 [ 1.50814267 -1.20426204]]
Target: [1 2 1 1 2 1 0 1 0 2 2 0 2 0 0]

N: 21
k: 3
Data:
[[ 0.85604377 -1.96381854]
 [ 1.63327976 -0.20754819]
 [-0.40503027  0.35407574]
 [-0.2939418  -1.138111  ]
 [-1.33904834 -0.16696072]
 [ 2.17320093  0.42113233]
 [ 0.86257322  0.90966643]
 [ 2.13856152  1.14976396]
 [ 1.23353285  0.26759199]
 [ 1.34213803 -0.46172395]
 [ 0.70919244 -2.86017659]
 [-2.01306602 -0.34950756]
 [-1.35619335 -0.00335887]
 [ 0.7757335  -0.84774556]
 [ 1.18187519  0.8811171 ]
 [ 1.38189314  1.3105385 ]
 [ 1.02694678  0.81119242]
 [ 0.64915502 -2.59954933]
 [-0.63281956 -0.09512083]
 [ 0.88980132  0.77288662]
 [-1.76791309 -1.73557564]]
Target: [1 1 0 0 0 2 1 2 1 1 1 0 0 1 2 2 2 1 0 2 0]

N: 8
k: 4
Data:
[[-0.71104027 -1.2142133 ]
 [ 1.87299093  1.16478502]
 [ 2.0284917  -1.22510686]
 [-1.42172596 -1.31793075]
 [-3.13049209  1.85602877]
 [-0.72116763  0.20710125]
 [-0.57769639  0.42421773]
 [ 0.70989151 -1.00726111]]
Target: [0 3 1 0 2 3 2 1]

N: 12
k: 4
Data:
[[-0.53083964 -0.8466151 ]
 [-0.96356034 -1.1032279 ]
 [-1.07844297 -0.81813918]
 [ 0.56289292 -1.20365674]
 [ 0.83356922  0.25967197]
 [ 0.97487999  0.6154951 ]
 [-1.56773392  1.79082487]
 [-1.91146281  2.37260495]
 [ 0.13880353  0.78844496]
 [ 0.21209235  0.54126221]
 [-1.09535667  0.22619923]
 [-2.60991492  0.45111791]]
Target: [0 0 0 1 1 1 2 2 3 3 2 3]

N: 16
k: 4
Data:
[[-0.94211407  0.81435803]
 [ 0.5510018  -0.90709742]
 [ 1.54455233  0.34504892]
 [ 0.80168591  1.4326982 ]
 [-2.07142688  2.22788051]
 [-0.76413068  0.91516603]
 [-1.42702867 -0.79928211]
 [-1.38156006 -2.11886143]
 [-1.51848265 -0.88115067]
 [ 0.58330748 -1.50355088]
 [ 1.09941799  0.73360311]
 [ 1.23799306 -1.81263628]
 [ 0.70359293  1.62494392]
 [-1.02376911  1.14841435]
 [-1.14344217 -1.59553253]
 [ 0.81431945  1.19232037]]
Target: [1 2 0 3 1 1 0 2 0 2 3 2 3 1 0 3]
