N: 16
k: 2

X: 
[[-0.25075833  0.30319821]
 [-1.09799611  1.19332577]
 [ 0.45647088 -1.66381434]
 [ 0.78224863 -2.00598217]
 [-0.68929672  0.68193254]
 [ 0.82509282 -1.19006385]
 [ 0.13899931 -2.32588782]
 [-2.07479277  2.00452484]
 [ 0.60122311 -1.25731396]
 [-0.5703633   0.64911701]
 [ 1.69566246 -0.02305169]
 [-0.76762282  1.0685695 ]
 [ 0.52577945 -1.80101475]
 [ 0.66326247 -1.4410037 ]
 [-0.32268311  0.31435858]
 [ 0.1654721   0.19352301]]
Target: [1 1 0 0 1 0 0 1 0 1 0 1 0 0 1 1]

X: 
[[-0.65689861  1.7981458 ]
 [ 2.72323906 -0.73153434]
 [-1.85045341  2.00103563]
 [-2.45597792  1.42410826]
 [-0.19333972  2.13916753]
 [ 1.81195461  0.23694705]
 [ 0.52600691  1.45400649]
 [ 0.3878368   1.58768584]
 [-0.72406102  1.12532138]
 [-2.54886023 -0.3592845 ]
 [-1.07359477  0.56701789]
 [ 2.78510409 -0.94542345]
 [ 1.22741333  0.67447096]
 [-1.91476906  1.36972748]
 [-1.65599157  1.73381199]
 [ 1.51366321  0.50348978]]
Target: [1 0 1 1 0 0 0 0 1 1 1 0 0 1 1 0]

X: 
[[-1.35863361 -2.8507542 ]
 [-1.77965348 -1.1145373 ]
 [-0.96852893  1.04323928]
 [-0.39806577  2.23858885]
 [-1.32611523 -0.72889116]
 [-0.91041756 -1.87299682]
 [-0.67155716 -0.88863575]
 [-1.04138209 -1.35911502]
 [-1.9738379  -0.20645409]
 [-0.50305871 -0.60186387]
 [-0.28359661  1.88390465]
 [-1.10158935 -1.59105771]
 [-0.20363849  0.81788681]
 [-0.37274863  1.30369918]
 [ 1.14718982  2.94457266]
 [-2.42846195  0.30441167]]
Target: [1 1 0 0 1 1 1 1 0 1 0 1 0 0 0 0]

N: 24
k: 2

X: 
[[-1.61229791 -1.79057589]
 [-1.00586005  1.08081652]
 [-1.35129738 -2.45492007]
 [-1.03467327  1.36700378]
 [-1.39320807  1.90466136]
 [-0.98528425 -0.91890985]
 [-0.92290347 -1.09015669]
 [-2.00388356 -2.58862898]
 [-1.18886296  1.38834091]
 [-2.38896081 -1.88840428]
 [-0.8043758   0.37157119]
 [-1.0798858   1.3363232 ]
 [-1.12847943  1.36577367]
 [-2.27799526 -2.48609475]
 [-1.31230583 -2.05968777]
 [-0.46648341 -0.88394693]
 [-1.19140085  1.47702317]
 [-0.0300878   0.11249491]
 [-1.50476075 -0.22740863]
 [-1.11244032  1.39585877]
 [-1.34513989  1.66095179]
 [-0.23301926 -0.48080366]
 [-1.3048551   1.79233846]
 [ 1.22047388 -0.32069636]]
Target: [1 0 1 0 0 1 1 1 0 1 0 0 0 1 1 1 0 1 1 0 0 0 0 1]

X: 
[[-0.62071771 -0.39363559]
 [-0.20583568  0.0753666 ]
 [ 0.65538085 -1.29653661]
 [-1.3201773  -1.47627862]
 [ 1.10661556 -1.20294221]
 [ 1.28059173 -1.23057722]
 [-1.3849741  -1.55266907]
 [ 0.38009958 -1.1449312 ]
 [ 1.2826201  -1.40266498]
 [ 1.36283185 -0.87418079]
 [-1.73972991 -1.55628696]
 [-1.17321283 -1.97522084]
 [-0.03817146 -0.24816169]
 [ 1.02020315 -0.89584932]
 [-0.33027392 -0.32893684]
 [-1.03877517 -1.19297669]
 [ 1.21218142 -1.49657539]
 [ 1.57221673 -2.38387449]
 [-1.43447306 -1.84133142]
 [-0.86615074 -0.32779494]
 [ 1.81372617 -0.95170297]
 [-1.61621016 -1.44910047]
 [-0.79664687 -0.01157639]
 [ 2.3819102  -2.35217803]]
Target: [0 0 1 0 1 1 0 1 0 1 0 0 1 1 0 0 1 1 0 0 1 0 0 1]

X: 
[[-1.74851944  1.93791244]
 [-0.33850244  0.57873057]
 [-1.47509837  0.54419708]
 [ 0.16439749 -0.9788756 ]
 [ 2.03838332 -1.02434836]
 [ 0.78602477 -1.25620886]
 [-1.31222835  1.33361519]
 [-0.97903413 -1.09154246]
 [ 0.8356335  -1.31118755]
 [-1.3964652   0.8040415 ]
 [ 0.86056728 -0.75001617]
 [ 0.01782622 -1.06526421]
 [ 0.60631933 -1.08479842]
 [-0.94181527  0.77624659]
 [-1.89301379  0.96798834]
 [ 0.98960254 -0.96731701]
 [ 1.03671446 -1.19772227]
 [-1.58141328  1.64238996]
 [ 1.60008302 -1.11150143]
 [ 2.69052757 -0.83026137]
 [-1.40268535  1.31694761]
 [ 1.47701691 -1.1286682 ]
 [-0.52547787 -0.17440039]
 [-0.31676832  0.41264399]]
Target: [1 1 1 0 0 0 1 1 0 1 0 0 0 1 1 0 0 1 0 0 1 0 1 1]

N: 32
k: 2

X: 
[[ 0.98693292  0.99385222]
 [ 1.33940251  1.11716418]
 [ 0.15240698  0.74416604]
 [-0.7581636   1.03852262]
 [-1.37972964  0.72405607]
 [ 0.74575762  0.92536652]
 [ 0.43690834  0.84508281]
 [ 1.80006559  1.23690866]
 [-0.59989424  0.52878649]
 [ 0.60014406  0.90892252]
 [-1.73592874  0.02230595]
 [ 1.28836014  1.09759318]
 [ 1.10999416  1.03390926]
 [ 1.78011068  1.22158682]
 [ 0.77409106  2.5728391 ]
 [ 0.59181073  0.870506  ]
 [-1.1297886   1.05253833]
 [ 0.32545322  0.80645679]
 [ 0.29340759  0.79967633]
 [ 0.27266136  1.41415406]
 [ 0.12710675  0.75376847]
 [-0.98938196  0.71362932]
 [ 1.36327738  1.10047429]
 [-1.70186634  1.70280129]
 [-1.72320255  0.68167911]
 [ 1.96048695  1.27304999]
 [-0.85392312  2.42980543]
 [-0.18380356  2.27597759]
 [ 0.71334793  0.9100876 ]
 [-1.32795189  0.42866919]
 [-1.20057897  1.37535792]
 [-1.82619747  0.63681323]]
Target: [0 0 0 1 1 0 0 0 1 0 1 0 0 0 1 0 1 0 0 1 1 1 0 1 1 0 1 1 0 1 1 1]

X: 
[[-0.82758983  0.43967755]
 [-1.68537408  1.78473034]
 [-2.05593747  2.08133468]
 [-0.47036195  1.20097233]
 [ 0.20189709 -1.45523064]
 [ 0.90544759 -1.04361529]
 [-0.82962297  1.33268942]
 [ 0.5147425  -0.03127084]
 [-1.01653031  1.74477574]
 [-0.1527354   1.29022105]
 [-1.0247734   0.25337277]
 [-0.97269     0.17417726]
 [-0.71861795  1.09846808]
 [-2.03028777  2.91404947]
 [-1.99034971  2.12805128]
 [ 0.21498273 -1.6738801 ]
 [ 0.03193106 -0.89942596]
 [ 1.77840496 -1.7249661 ]
 [ 0.14668833 -0.05796377]
 [ 0.59367115 -1.50148394]
 [ 0.28042237 -0.5893913 ]
 [-2.15931588  2.15865488]
 [ 0.91945456 -0.21094487]
 [-0.92116131  1.03614018]
 [ 1.71836104 -3.41574584]
 [ 2.35365471 -1.0390555 ]
 [ 1.6111599  -0.9143762 ]
 [ 0.67663935 -1.57037733]
 [ 0.60653457 -1.08551495]
 [-0.37898001  0.12791667]
 [ 2.6220156  -2.14575526]
 [ 2.15174964 -3.24099123]]
Target: [1 1 1 1 0 0 1 0 1 0 1 1 1 1 1 1 1 0 0 0 0 1 0 1 0 0 0 0 0 1 0 0]

X: 
[[-0.23085346 -0.36725979]
 [ 0.67560497  0.76457934]
 [-1.37256963 -1.49668531]
 [-0.94394887 -2.52721412]
 [-1.6660923  -1.3855229 ]
 [ 0.73192389  1.26505581]
 [-0.68347231 -0.95040267]
 [ 1.264194    2.09020642]
 [-0.34632145 -0.43451913]
 [ 0.4116017   2.20203725]
 [ 0.6093612   4.38990526]
 [ 0.78934286 -0.5497739 ]
 [ 1.04372043  1.49301541]
 [ 1.64608793 -0.08218391]
 [-0.74367705 -0.50973053]
 [ 1.28795402  1.49681629]
 [ 1.47093594  2.403033  ]
 [ 1.76325401  2.38464605]
 [-1.5175659  -2.66597558]
 [-0.93245288  0.34296463]
 [ 0.22457782  2.64621585]
 [-0.26863878 -0.55684445]
 [-0.91854645 -0.32178365]
 [ 0.60158725 -0.54261684]
 [ 0.96141041  0.28072143]
 [ 1.26385156 -0.21512649]
 [-1.23498858 -0.55639738]
 [-2.59058316 -2.59346699]
 [ 0.29690754  1.28435365]
 [-2.37717481 -0.94219637]
 [-2.7600697  -2.8631437 ]
 [-1.16863568 -1.95704076]]
Target: [0 1 0 0 0 1 0 1 0 1 1 1 1 1 0 1 1 1 0 0 1 0 0 1 1 1 0 0 1 0 0 0]

N: 15
k: 3

X: 
[[-1.02531533 -1.58850025]
 [ 1.27106951 -1.27713623]
 [-0.90951661 -0.86776874]
 [-1.29693673  1.66126714]
 [-0.85826441 -1.84087127]
 [-1.00736624  1.35597824]
 [ 1.253519   -0.94405906]
 [-0.63267007 -0.12913869]
 [-1.08812605 -0.57212616]
 [ 0.43803603 -1.26983667]
 [-1.04900132  0.89733319]
 [-0.99216239 -1.43220494]
 [-0.82136642  0.75939563]
 [-1.26467217 -0.29585574]
 [ 1.33826465 -1.00519433]]
Target: [0 0 2 1 2 1 0 1 2 0 2 2 1 2 0]

X: 
[[ 0.36571987 -1.7369005 ]
 [-0.25847109  0.8367755 ]
 [ 1.25570268 -1.5195127 ]
 [-2.3546756  -1.94715113]
 [ 2.15682227 -2.61496831]
 [ 1.08112053  0.38553836]
 [-0.46046711 -1.82939652]
 [ 0.78814749  2.37197079]
 [-1.7290526   0.45139937]
 [ 1.1323707  -1.24831745]
 [ 0.92222538  1.42387432]
 [ 1.03470074  0.73330787]
 [ 0.83181705 -0.84722501]
 [-1.07813453 -1.13297991]
 [ 0.90720852  1.75323912]]
Target: [0 1 1 0 1 2 0 2 0 1 2 2 1 0 2]

X: 
[[-0.1198881  -2.01928079]
 [-1.07518064 -0.55212701]
 [ 0.57803112  1.07501589]
 [ 1.76187515  0.78417646]
 [ 1.06096329  0.90178273]
 [-0.94714856 -1.31951909]
 [-0.96976396 -1.17820128]
 [-0.93212485 -1.40808441]
 [ 2.60396335 -0.66655216]
 [ 1.58657126  0.86910966]
 [ 0.30643265 -1.84229461]
 [ 1.37337739 -1.97031122]
 [-1.15772043 -0.05557802]
 [ 1.40172392  0.09969475]
 [ 1.15976682  0.66947654]]
Target: [1 2 0 0 0 2 2 2 1 0 1 1 2 1 0]

N: 18
k: 3

X: 
[[ 0.87564513  0.83693498]
 [ 0.18221755 -2.58330586]
 [-1.25597137 -0.81435794]
 [ 1.2365926  -0.97093329]
 [-0.62330362 -1.92320954]
 [ 0.89215843 -1.7904103 ]
 [ 0.85628804  0.86988653]
 [ 1.47451139  0.40529449]
 [ 1.46819828  1.40210069]
 [ 0.03069372  0.18784437]
 [ 1.39164105  1.4141622 ]
 [-0.34618341 -1.41399512]
 [-1.23696799 -0.59765155]
 [ 0.42967323  0.74796365]
 [ 1.09759989 -0.6829635 ]
 [ 2.31764002  2.01908696]
 [ 0.7374269  -0.93582282]
 [-0.53893417 -1.71020053]]
Target: [0 1 1 2 1 2 0 2 2 0 0 1 1 0 2 0 2 1]

X: 
[[ 1.03893228  0.45617014]
 [ 1.07483935  0.79437848]
 [-0.44899743  0.46782298]
 [ 0.93782959  1.24954472]
 [-1.19551328  1.1473845 ]
 [ 0.99232593  0.95999467]
 [ 0.23763568  0.60764975]
 [-0.92542621 -1.55431712]
 [-0.37121304 -2.21151962]
 [-1.26661543 -0.28072784]
 [-0.94894543 -1.21932587]
 [-0.40901421  1.13413332]
 [ 1.02415448 -0.21195747]
 [-1.6836324   0.41789018]
 [ 0.88239705  1.63106263]
 [-1.25756145  0.882031  ]
 [-1.07067131 -1.28009959]
 [-1.26068249  0.45260786]]
Target: [0 0 2 0 2 0 2 1 1 1 1 2 0 1 0 2 1 2]

X: 
[[ 0.85509666 -1.08854926]
 [-2.7357863   1.1239307 ]
 [-0.28256423  1.46387084]
 [-0.26426698  1.14698758]
 [ 3.40692401  1.15670784]
 [-1.68335619  1.46646488]
 [ 0.98239655 -1.13007406]
 [ 0.13524009  1.19940719]
 [ 1.23263439 -1.18558666]
 [-0.94202098  1.27998105]
 [ 1.40851586  1.09649904]
 [-1.03428169  1.24922356]
 [ 2.14792186  0.59311134]
 [-1.0018338  -0.01222798]
 [ 1.24302935 -0.99195748]
 [ 1.44097213 -0.69281958]
 [ 0.6047102  -0.76222386]
 [-0.04802524  2.57711545]]
Target: [1 2 0 2 0 2 1 0 1 2 0 0 0 2 1 1 1 2]

N: 21
k: 3

X: 
[[ 1.33537109 -0.73063253]
 [-0.73790359 -1.07236047]
 [-1.83822299 -0.35507809]
 [-0.90534184  1.05464532]
 [-0.65594131 -2.23626117]
 [ 0.6191269  -1.78555155]
 [ 0.55212801 -2.38878313]
 [-1.78322712  3.03628889]
 [-0.8439134   0.05814645]
 [-1.26784855 -0.73192642]
 [ 0.14785461 -2.51838384]
 [-0.97961398 -1.79603642]
 [-1.15132861  1.18915621]
 [-0.69106038  0.58672873]
 [ 1.49571474  0.44618244]
 [ 0.56600204 -1.97458591]
 [-0.45174357 -0.04947225]
 [ 1.24013629 -0.64879041]
 [-1.25342698  1.58812083]
 [-0.57562124  0.02741179]
 [-1.13491115  1.26194365]]
Target: [0 2 2 1 2 0 0 1 2 2 0 2 1 1 0 0 2 0 1 1 1]

X: 
[[-1.42351203 -1.30487072]
 [-1.29723615 -0.58916278]
 [-0.41138588 -0.48371053]
 [ 0.17617249 -1.58776748]
 [-1.23952839  0.47939655]
 [ 0.94386231 -1.12223699]
 [-0.66785998  1.19154348]
 [-0.20048224  0.646256  ]
 [-0.24478439  0.34073342]
 [ 0.3984821  -1.28048984]
 [-0.34925209  0.94528923]
 [-1.58187182  0.58356391]
 [ 0.21702329 -1.31245124]
 [-0.55311284  1.42001634]
 [-1.04665784 -1.31200398]
 [-1.41236132  0.24617404]
 [ 0.22609379 -1.67966589]
 [-1.25446793 -1.76900858]
 [-0.94795094 -0.5894405 ]
 [ 1.00498071 -1.32789516]
 [ 0.20538783 -1.35263547]]
Target: [0 0 0 1 0 1 2 2 2 1 2 2 1 2 0 2 1 0 0 1 1]

X: 
[[-1.35882987  2.68614115]
 [ 0.38415661  2.43177309]
 [-1.53119722  0.20083526]
 [-0.86847576 -1.26039994]
 [-2.94229934  2.13277987]
 [-1.65913437  1.38555049]
 [-1.73730354  1.42364864]
 [-0.95344951 -0.96668684]
 [-1.09448057  1.06159828]
 [-0.82824066 -1.19485739]
 [-0.47950143  0.69333123]
 [ 0.19952314  0.29659739]
 [-1.12690593 -0.6607382 ]
 [-0.99853356 -1.00418743]
 [-1.36246524  1.22069274]
 [ 1.44827507  1.18437011]
 [ 0.89894881  1.96172587]
 [-1.76269302  0.79967428]
 [-0.31383755  1.82818312]
 [ 0.49086515  1.09372895]
 [ 1.40777651  0.41544199]]
Target: [2 2 1 1 0 0 0 1 0 1 0 0 1 1 0 2 2 1 2 2 2]

N: 8
k: 4

X: 
[[ 2.10415542  0.52108765]
 [-3.05327997 -2.86881084]
 [-0.86564575 -0.75551866]
 [ 1.09331577  1.25334743]
 [ 0.045417   -1.3788912 ]
 [-1.54455566  0.61395921]
 [ 0.05550461  0.11511103]
 [ 1.62779808 -0.79407329]]
Target: [3 0 0 3 2 2 2 1]

X: 
[[ 2.39253457  0.06530144]
 [ 0.80655511 -0.67128911]
 [-1.56648587 -1.08951084]
 [-1.8381674   0.86295794]
 [-0.62686751  0.99939944]
 [ 0.67062495 -1.09009772]
 [-1.60107647 -1.10473967]
 [ 1.77638199 -1.37597646]]
Target: [3 3 0 2 2 1 0 1]

X: 
[[ 0.45436517 -0.02470284]
 [ 1.16481972  0.81162727]
 [ 0.55436915  1.3494066 ]
 [-0.49975286 -0.37893741]
 [ 0.94008501 -0.75959185]
 [-1.08067316  1.02236114]
 [ 0.01778858 -0.5400675 ]
 [-1.77164549  2.12392431]]
Target: [1 3 3 0 1 2 0 2]

N: 12
k: 4

X: 
[[ 0.68719474  0.1533213 ]
 [-2.29860978 -2.09692534]
 [-1.00831034  0.30505913]
 [-0.6844124   1.33586889]
 [-0.79766802  0.74339831]
 [ 1.16332394 -1.20736728]
 [ 0.53227075  1.55924728]
 [ 2.41464123  0.8693151 ]
 [ 1.99279394  1.73905404]
 [-1.51466386 -1.82137512]
 [ 1.4904973  -2.4406913 ]
 [-1.2643681  -1.21585863]]
Target: [3 0 1 1 1 2 3 3 2 0 2 0]

X: 
[[ 1.30046462  1.05806758]
 [-0.20574195 -1.06922335]
 [-0.99304146 -1.2075416 ]
 [-1.12493852  0.83916304]
 [-0.96624392 -1.58030819]
 [-0.61024736  1.34043949]
 [ 0.48937723 -1.52912064]
 [ 0.47850228  1.2889654 ]
 [ 0.32518096 -0.12359321]
 [ 0.53078495  0.87521847]
 [ 0.78102846  1.08227659]
 [ 1.55429383  0.02600047]]
Target: [3 0 0 2 0 2 1 2 1 3 3 1]

X: 
[[-0.97085654 -3.10860745]
 [ 2.54617445 -0.35167323]
 [-0.93797138  0.47100851]
 [-1.05076107 -0.8031164 ]
 [-0.70414671  1.70010727]
 [ 1.28053552  0.0378308 ]
 [-1.08392954 -0.73727502]
 [ 1.21345841 -1.36420585]
 [-1.34382592  1.93738705]
 [ 0.90506419 -0.75915561]
 [ 1.2798029  -1.91596167]
 [-0.71056954  0.83903095]]
Target: [1 3 2 0 3 3 0 1 2 1 1 2]

N: 16
k: 4

X: 
[[-1.26666344 -1.40942349]
 [-2.2584296  -3.38042673]
 [-1.29182538  0.94760182]
 [ 2.39603532  1.68633644]
 [-1.87262282  1.62618628]
 [ 0.51171065  0.70864723]
 [-0.47263182 -0.91270423]
 [ 1.27761761  0.98396952]
 [-0.25761964 -2.12625753]
 [-0.75797433 -0.38913236]
 [ 2.48222013  1.15744701]
 [-0.74400859  0.15458536]
 [ 0.50656766 -0.08028898]
 [-0.47747251 -0.35288913]
 [-0.82554611  1.06942099]
 [-1.32146517  2.13188676]]
Target: [0 1 2 3 2 3 0 3 1 0 1 3 1 0 2 2]

X: 
[[-2.72277886 -1.2490469 ]
 [ 1.67043248  1.58742036]
 [ 0.76948251 -4.26989951]
 [-2.18219709 -0.43489309]
 [-2.81115057 -1.26435139]
 [ 1.47905576 -2.86525632]
 [-0.92054565  1.27363241]
 [ 0.88623588 -0.29221028]
 [ 1.65141687  0.70959088]
 [-0.60362391 -2.34270037]
 [-0.45525466  1.67141276]
 [-0.42785602 -0.89769512]
 [ 0.44241984 -0.81252669]
 [ 0.82575545  1.325392  ]
 [-1.16266642  0.78828209]
 [ 2.25798887 -0.23205022]]
Target: [0 3 3 2 0 1 2 2 3 1 2 0 0 3 2 3]

X: 
[[-1.4316349  -1.04395168]
 [-0.5472602  -1.75605954]
 [-0.6202147  -0.494248  ]
 [ 1.37479697  1.33664003]
 [ 0.16140852  0.56074019]
 [ 0.77386581  1.18145164]
 [-2.13285722  0.93999495]
 [ 2.03660849 -1.47046369]
 [ 2.03354585 -0.35970688]
 [-1.21239623  0.62446884]
 [-1.89235198 -1.31288686]
 [-0.88432373  1.90725876]
 [ 1.34038715  0.89657584]
 [-1.26179329 -0.89339715]
 [-2.08898057  2.57266449]
 [ 1.43514181 -1.87092473]]
Target: [0 1 0 3 3 3 2 1 1 2 0 2 3 0 2 1]